1 15 20.20 1775827376
1 15 20.04 1775827377
1 15 20.19 1775827378
1 15 20.33 1775827379
1 15 20.22 1775827380
1 15 20.32 1775827381
1 15 20.29 1775827382
1 15 20.45 1775827383
1 15 20.51 1775827384
1 15 20.42 1775827385
1 15 20.44 1775827386
1 15 20.26 1775827387
1 15 20.23 1775827388
1 15 20.26 1775827389
1 15 20.19 1775827390
1 15 20.07 1775827391
1 15 20.23 1775827392
1 15 20.03 1775827393
1 15 20.09 1775827394
1 15 19.98 1775827395
1 15 20.23 1775827396
1 15 20.43 1775827397
1 15 20.68 1775827398
1 15 20.74 1775827399
1 15 20.62 1775827400
1 15 20.40 1775827401
1 15 20.59 1775827402
1 15 20.56 1775827403
1 15 20.69 1775827404
1 15 20.77 1775827405
1 15 20.62 1775827406
1 15 20.65 1775827407
1 15 20.56 1775827408
1 15 20.41 1775827409
2 21 19.95 1775827410
2 21 20.01 1775827410
2 21 19.83 1775827410
2 21 19.64 1775827410
2 21 19.79 1775827410
2 21 19.61 1775827410
1 15 20.44 1775827410
2 21 19.39 1775827410
2 21 19.41 1775827410
2 21 19.55 1775827410
2 21 19.80 1775827411
2 21 20.04 1775827411
2 21 20.19 1775827411
2 21 20.30 1775827411
2 21 20.10 1775827411
2 21 20.17 1775827411
2 21 20.09 1775827411
1 15 20.68 1775827411
2 21 20.33 1775827411
2 21 20.25 1775827411
2 21 20.20 1775827411
2 21 20.06 1775827412
2 21 20.07 1775827412
2 21 20.07 1775827412
2 21 20.24 1775827412
2 21 20.00 1775827412
2 21 20.05 1775827412
2 21 20.26 1775827412
1 15 20.65 1775827412
2 21 20.44 1775827412
2 21 20.51 1775827412
2 21 20.29 1775827412
2 21 20.37 1775827413
2 21 20.54 1775827413
2 21 20.67 1775827413
2 21 20.91 1775827413
2 21 21.08 1775827413
2 21 20.86 1775827413
1 15 20.50 1775827413
2 21 20.67 1775827413
2 21 20.74 1775827413
2 21 20.49 1775827413
2 21 20.64 1775827414
2 21 20.44 1775827414
2 21 20.64 1775827414
2 21 20.54 1775827414
2 21 20.54 1775827414
2 21 20.57 1775827414
2 21 20.75 1775827414
1 15 20.53 1775827414
2 21 20.90 1775827414
2 21 21.08 1775827414
2 21 20.83 1775827414
2 21 20.83 1775827415
2 21 20.76 1775827415
2 21 20.92 1775827415
2 21 21.14 1775827415
2 21 20.94 1775827415
2 21 21.05 1775827415
2 21 21.08 1775827415
1 15 20.35 1775827415
2 21 21.23 1775827415
2 21 21.35 1775827415
2 21 21.54 1775827416
2 21 21.33 1775827416
2 21 21.19 1775827416
2 21 21.14 1775827416
2 21 21.14 1775827416
2 21 21.31 1775827416
2 21 21.22 1775827416
2 21 21.13 1775827416
1 15 20.38 1775827416
2 21 21.19 1775827416
2 21 20.95 1775827416
2 21 20.71 1775827417
2 21 20.76 1775827417
2 21 20.54 1775827417
2 21 20.45 1775827417
2 21 20.65 1775827417
2 21 20.80 1775827417
2 21 21.00 1775827417
1 15 20.37 1775827417
2 21 20.95 1775827417
2 21 20.84 1775827417
2 21 20.87 1775827417
2 21 20.90 1775827418
2 21 20.73 1775827418
2 21 20.98 1775827418
2 21 20.74 1775827418
2 21 20.61 1775827418
2 21 20.78 1775827418
2 21 20.86 1775827418
1 15 20.58 1775827418
2 21 20.61 1775827418
2 21 20.38 1775827418
2 21 20.49 1775827419
2 21 20.42 1775827419
2 21 20.51 1775827419
2 21 20.35 1775827419
2 21 20.44 1775827419
2 21 20.30 1775827419
2 21 20.07 1775827419
2 21 19.91 1775827419
1 15 20.71 1775827419
2 21 20.15 1775827419
2 21 20.01 1775827419
2 21 19.86 1775827420
2 21 20.07 1775827420
2 21 20.01 1775827420
2 21 20.20 1775827420
2 21 20.45 1775827420
2 21 20.55 1775827420
2 21 20.50 1775827420
1 15 20.79 1775827420
2 21 20.27 1775827420
2 21 20.04 1775827420
2 21 20.10 1775827420
2 21 19.87 1775827421
2 21 20.10 1775827421
2 21 19.97 1775827421
2 21 20.14 1775827421
2 21 20.09 1775827421
2 21 20.17 1775827421
2 21 20.26 1775827421
1 15 20.83 1775827421
2 21 20.37 1775827421
2 21 20.19 1775827421
2 21 20.36 1775827422
2 21 20.39 1775827422
2 21 20.32 1775827422
2 21 20.50 1775827422
2 21 20.50 1775827422
2 21 20.41 1775827422
2 21 20.53 1775827422
2 21 20.73 1775827422
1 15 20.85 1775827422
2 21 20.73 1775827422
2 21 20.97 1775827422
2 21 21.16 1775827423
2 21 20.97 1775827423
2 21 20.87 1775827423
2 21 20.89 1775827423
2 21 21.05 1775827423
2 21 21.06 1775827423
2 21 21.24 1775827423
1 15 20.91 1775827423
2 21 21.13 1775827423
2 21 21.27 1775827423
2 21 21.12 1775827424
2 21 21.14 1775827424
2 21 21.09 1775827424
2 21 20.89 1775827424
2 21 20.78 1775827424
2 21 20.85 1775827424
2 21 20.89 1775827424
2 21 21.06 1775827424
1 15 20.92 1775827424
2 21 20.92 1775827424
2 21 20.85 1775827424
2 21 21.04 1775827425
2 21 21.01 1775827425
2 21 20.90 1775827425
2 21 21.09 1775827425
2 21 21.29 1775827425
2 21 21.22 1775827425
2 21 21.39 1775827425
1 15 20.86 1775827425
2 21 21.22 1775827425
2 21 21.03 1775827425
2 21 21.26 1775827425
2 21 21.05 1775827426
2 21 21.07 1775827426
2 21 20.97 1775827426
2 21 20.99 1775827426
2 21 20.94 1775827426
2 21 20.83 1775827426
2 21 20.77 1775827426
1 15 20.90 1775827426
2 21 20.86 1775827426
2 21 20.80 1775827426
2 21 20.61 1775827427
2 21 20.41 1775827427
2 21 20.63 1775827427
2 21 20.79 1775827427
2 21 20.60 1775827427
2 21 20.57 1775827427
2 21 20.36 1775827427
2 21 20.47 1775827427
1 15 20.69 1775827427
2 21 20.24 1775827427
2 21 20.06 1775827427
2 21 20.03 1775827428
2 21 20.11 1775827428
2 21 20.29 1775827428
2 21 20.37 1775827428
2 21 20.43 1775827428
2 21 20.34 1775827428
2 21 20.42 1775827428
1 15 20.82 1775827428
2 21 20.28 1775827428
2 21 20.44 1775827428
2 21 20.34 1775827429
2 21 20.40 1775827429
2 21 20.18 1775827429
2 21 20.29 1775827429
2 21 20.26 1775827429
2 21 20.41 1775827429
2 21 20.53 1775827429
2 21 20.41 1775827429
1 15 20.87 1775827429
2 21 20.19 1775827429
2 21 20.21 1775827429
2 21 20.29 1775827430
2 21 20.09 1775827430
2 21 20.31 1775827430
2 21 20.14 1775827430
2 21 20.10 1775827430
2 21 19.85 1775827430
2 21 19.85 1775827430
2 21 19.94 1775827430
1 15 20.80 1775827430
2 21 19.85 1775827430
2 21 19.92 1775827430
2 21 19.95 1775827431
2 21 19.89 1775827431
2 21 20.11 1775827431
2 21 19.91 1775827431
2 21 20.01 1775827431
2 21 20.16 1775827431
2 21 20.09 1775827431
1 15 20.73 1775827431
2 21 20.14 1775827431
2 21 20.19 1775827431
2 21 20.28 1775827432
2 21 20.29 1775827432
2 21 20.05 1775827432
2 21 19.83 1775827432
2 21 19.96 1775827432
2 21 19.77 1775827432
2 21 19.92 1775827432
2 21 19.84 1775827432
1 15 20.76 1775827432
2 21 19.82 1775827432
2 21 19.93 1775827432
2 21 20.11 1775827433
2 21 20.18 1775827433
2 21 20.15 1775827433
2 21 19.90 1775827433
2 21 19.87 1775827433
2 21 20.02 1775827433
2 21 20.20 1775827433
2 21 20.16 1775827433
1 15 20.80 1775827433
3 37 20.05 1775827433
2 21 20.19 1775827433
2 21 20.33 1775827433
2 21 20.30 1775827434
2 21 20.41 1775827434
2 21 20.54 1775827434
2 21 20.34 1775827434
2 21 20.27 1775827434
2 21 20.07 1775827434
2 21 20.05 1775827434
1 15 20.78 1775827434
2 21 20.18 1775827434
2 21 20.19 1775827434
2 21 20.23 1775827435
2 21 20.10 1775827435
2 21 20.32 1775827435
2 21 20.18 1775827435
2 21 19.97 1775827435
2 21 20.14 1775827435
2 21 20.33 1775827435
2 21 20.50 1775827435
1 15 20.68 1775827435
2 21 20.28 1775827435
2 21 20.05 1775827435
2 21 20.26 1775827436
2 21 20.19 1775827436
2 21 20.17 1775827436
2 21 20.16 1775827436
2 21 20.08 1775827436
2 21 20.22 1775827436
2 21 20.28 1775827436
2 21 20.05 1775827436
1 15 20.62 1775827436
2 21 20.15 1775827436
2 21 20.36 1775827437
2 21 20.23 1775827437
2 21 20.31 1775827437
2 21 20.31 1775827437
2 21 20.42 1775827437
2 21 20.63 1775827437
2 21 20.45 1775827437
2 21 20.68 1775827437
1 15 20.46 1775827437
2 21 20.60 1775827437
2 21 20.47 1775827437
2 21 20.65 1775827438
2 21 20.60 1775827438
2 21 20.82 1775827438
2 21 20.71 1775827438
2 21 20.54 1775827438
2 21 20.31 1775827438
2 21 20.08 1775827438
2 21 19.99 1775827438
1 15 20.67 1775827438
3 37 20.02 1775827438
2 21 19.79 1775827438
2 21 19.59 1775827438
2 21 19.54 1775827439
2 21 19.64 1775827439
2 21 19.76 1775827439
2 21 19.65 1775827439
2 21 19.82 1775827439
2 21 19.64 1775827439
2 21 19.53 1775827439
2 21 19.57 1775827439
1 15 20.54 1775827439
2 21 19.42 1775827439
2 21 19.30 1775827440
2 21 19.49 1775827440
2 21 19.38 1775827440
2 21 19.13 1775827440
2 21 19.12 1775827440
2 21 19.31 1775827440
2 21 19.43 1775827440
2 21 19.67 1775827440
1 15 20.35 1775827440
2 21 19.44 1775827440
2 21 19.38 1775827440
2 21 19.57 1775827441
2 21 19.64 1775827441
2 21 19.41 1775827441
2 21 19.44 1775827441
2 21 19.52 1775827441
2 21 19.74 1775827441
2 21 19.65 1775827441
2 21 19.40 1775827441
1 15 20.25 1775827441
2 21 19.28 1775827441
2 21 19.10 1775827441
2 21 19.08 1775827442
2 21 19.05 1775827442
2 21 19.12 1775827442
2 21 19.32 1775827442
2 21 19.26 1775827442
2 21 19.41 1775827442
2 21 19.59 1775827442
2 21 19.55 1775827442
1 15 20.24 1775827442
2 21 19.57 1775827442
2 21 19.42 1775827443
2 21 19.63 1775827443
2 21 19.68 1775827443
2 21 19.93 1775827443
2 21 19.74 1775827443
2 21 19.83 1775827443
2 21 19.66 1775827443
2 21 19.78 1775827443
1 15 20.32 1775827443
2 21 19.71 1775827443
3 37 19.91 1775827443
2 21 19.68 1775827443
2 21 19.92 1775827444
2 21 19.84 1775827444
2 21 19.71 1775827444
2 21 19.64 1775827444
2 21 19.89 1775827444
2 21 19.93 1775827444
2 21 20.14 1775827444
2 21 20.25 1775827444
1 15 20.25 1775827444
2 21 20.31 1775827444
2 21 20.12 1775827445
2 21 20.08 1775827445
2 21 20.11 1775827445
2 21 19.87 1775827445
2 21 19.85 1775827445
2 21 19.96 1775827445
2 21 20.13 1775827445
2 21 20.00 1775827445
2 21 19.80 1775827445
1 15 20.24 1775827445
2 21 19.62 1775827445
2 21 19.64 1775827446
2 21 19.56 1775827446
2 21 19.67 1775827446
2 21 19.80 1775827446
2 21 19.59 1775827446
2 21 19.55 1775827446
2 21 19.41 1775827446
2 21 19.18 1775827446
1 15 20.09 1775827446
2 21 19.18 1775827446
2 21 19.42 1775827446
2 21 19.49 1775827447
2 21 19.43 1775827447
2 21 19.21 1775827447
2 21 19.00 1775827447
2 21 19.13 1775827447
2 21 19.02 1775827447
2 21 19.18 1775827447
2 21 19.01 1775827447
1 15 20.31 1775827447
2 21 19.23 1775827447
2 21 19.04 1775827448
2 21 19.02 1775827448
2 21 18.78 1775827448
2 21 18.88 1775827448
2 21 19.10 1775827448
2 21 18.88 1775827448
2 21 18.65 1775827448
2 21 18.86 1775827448
3 37 19.81 1775827448
2 21 18.95 1775827448
1 15 20.44 1775827448
2 21 19.03 1775827448
2 21 18.78 1775827449
2 21 18.95 1775827449
2 21 19.11 1775827449
2 21 19.31 1775827449
2 21 19.13 1775827449
2 21 18.89 1775827449
2 21 19.09 1775827449
2 21 18.99 1775827449
1 15 20.34 1775827449
2 21 18.79 1775827449
2 21 18.82 1775827450
2 21 18.99 1775827450
2 21 18.88 1775827450
2 21 18.80 1775827450
2 21 18.57 1775827450
2 21 18.60 1775827450
2 21 18.37 1775827450
2 21 18.36 1775827450
2 21 18.43 1775827450
1 15 20.15 1775827450
2 21 18.48 1775827450
2 21 18.50 1775827451
2 21 18.62 1775827451
2 21 18.47 1775827451
2 21 18.31 1775827451
2 21 18.47 1775827451
2 21 18.72 1775827451
2 21 18.94 1775827451
2 21 19.15 1775827451
2 21 19.13 1775827451
1 15 20.05 1775827451
2 21 18.91 1775827451
2 21 18.79 1775827452
2 21 18.63 1775827452
2 21 18.75 1775827452
2 21 18.94 1775827452
2 21 18.86 1775827452
2 21 18.86 1775827452
2 21 18.66 1775827452
2 21 18.48 1775827452
1 15 19.86 1775827452
2 21 18.24 1775827452
2 21 18.49 1775827453
2 21 18.68 1775827453
2 21 18.49 1775827453
2 21 18.70 1775827453
2 21 18.87 1775827453
2 21 18.96 1775827453
2 21 18.92 1775827453
2 21 19.11 1775827453
2 21 19.32 1775827453
3 37 19.74 1775827453
1 15 19.77 1775827453
2 21 19.12 1775827453
2 21 19.23 1775827454
2 21 19.17 1775827454
2 21 18.98 1775827454
2 21 18.84 1775827454
2 21 18.64 1775827454
2 21 18.45 1775827454
2 21 18.30 1775827454
2 21 18.22 1775827454
2 21 18.14 1775827454
1 15 19.65 1775827454
2 21 17.97 1775827454
2 21 17.72 1775827455
2 21 17.54 1775827455
2 21 17.60 1775827455
2 21 17.66 1775827455
2 21 17.85 1775827455
2 21 18.08 1775827455
2 21 18.01 1775827455
2 21 17.90 1775827455
1 15 19.64 1775827455
2 21 17.95 1775827455
2 21 17.73 1775827456
2 21 17.80 1775827456
2 21 17.62 1775827456
2 21 17.80 1775827456
2 21 18.03 1775827456
2 21 18.09 1775827456
2 21 18.01 1775827456
2 21 17.99 1775827456
2 21 17.85 1775827456
1 15 19.58 1775827456
2 21 17.80 1775827456
2 21 18.01 1775827457
2 21 18.04 1775827457
2 21 18.03 1775827457
2 21 17.83 1775827457
2 21 17.83 1775827457
2 21 17.98 1775827457
2 21 17.81 1775827457
2 21 17.84 1775827457
1 15 19.47 1775827457
2 21 17.62 1775827457
2 21 17.86 1775827458
2 21 17.99 1775827458
2 21 18.23 1775827458
2 21 18.35 1775827458
2 21 18.59 1775827458
2 21 18.49 1775827458
2 21 18.32 1775827458
2 21 18.18 1775827458
2 21 18.05 1775827458
3 37 19.76 1775827458
1 15 19.24 1775827458
2 21 18.07 1775827458
2 21 17.83 1775827459
2 21 18.06 1775827459
2 21 18.16 1775827459
2 21 17.95 1775827459
2 21 17.87 1775827459
2 21 18.04 1775827459
2 21 18.22 1775827459
2 21 18.28 1775827459
2 21 18.18 1775827459
1 15 19.06 1775827459
2 21 17.95 1775827459
2 21 18.08 1775827460
2 21 17.97 1775827460
2 21 18.19 1775827460
2 21 18.05 1775827460
2 21 18.29 1775827460
2 21 18.49 1775827460
2 21 18.49 1775827460
2 21 18.55 1775827460
1 15 19.27 1775827460
2 21 18.44 1775827460
2 21 18.40 1775827461
2 21 18.37 1775827461
2 21 18.38 1775827461
2 21 18.61 1775827461
2 21 18.51 1775827461
2 21 18.62 1775827461
2 21 18.60 1775827461
2 21 18.83 1775827461
2 21 18.88 1775827461
1 15 19.16 1775827461
2 21 18.86 1775827461
2 21 18.93 1775827462
2 21 18.70 1775827462
2 21 18.94 1775827462
2 21 19.14 1775827462
2 21 18.92 1775827462
2 21 19.02 1775827462
2 21 18.79 1775827462
2 21 18.70 1775827462
2 21 18.86 1775827462
1 15 19.18 1775827462
2 21 19.05 1775827463
2 21 18.86 1775827463
2 21 19.06 1775827463
2 21 19.07 1775827463
2 21 19.15 1775827463
2 21 18.95 1775827463
2 21 19.03 1775827463
2 21 19.10 1775827463
2 21 18.92 1775827463
3 37 19.84 1775827463
1 15 19.03 1775827463
2 21 18.95 1775827463
2 21 19.13 1775827464
2 21 19.30 1775827464
2 21 19.43 1775827464
2 21 19.22 1775827464
2 21 19.38 1775827464
2 21 19.63 1775827464
2 21 19.61 1775827464
2 21 19.49 1775827464
2 21 19.65 1775827464
1 15 18.90 1775827464
2 21 19.71 1775827464
2 21 19.84 1775827465
2 21 20.08 1775827465
2 21 20.20 1775827465
2 21 20.00 1775827465
2 21 19.97 1775827465
2 21 19.87 1775827465
2 21 19.81 1775827465
2 21 19.68 1775827465
2 21 19.57 1775827465
1 15 18.87 1775827465
2 21 19.71 1775827466
2 21 19.59 1775827466
2 21 19.64 1775827466
2 21 19.80 1775827466
2 21 19.72 1775827466
2 21 19.57 1775827466
2 21 19.58 1775827466
2 21 19.69 1775827466
2 21 19.88 1775827466
1 15 19.04 1775827466
2 21 19.97 1775827466
2 21 20.19 1775827467
2 21 20.06 1775827467
2 21 20.23 1775827467
2 21 20.12 1775827467
2 21 20.32 1775827467
2 21 20.17 1775827467
2 21 20.31 1775827467
2 21 20.48 1775827467
2 21 20.39 1775827467
1 15 19.10 1775827467
2 21 20.29 1775827468
2 21 20.22 1775827468
2 21 20.01 1775827468
2 21 20.16 1775827468
2 21 20.03 1775827468
2 21 20.16 1775827468
2 21 20.19 1775827468
2 21 20.44 1775827468
2 21 20.35 1775827468
3 37 19.90 1775827468
2 21 20.17 1775827468
1 15 19.27 1775827468
2 21 20.10 1775827469
2 21 20.22 1775827469
2 21 20.02 1775827469
2 21 19.79 1775827469
2 21 19.73 1775827469
2 21 19.90 1775827469
2 21 19.98 1775827469
2 21 20.06 1775827469
2 21 20.00 1775827469
1 15 19.17 1775827469
2 21 19.77 1775827469
2 21 19.85 1775827470
2 21 20.01 1775827470
2 21 19.90 1775827470
2 21 19.66 1775827470
2 21 19.46 1775827470
2 21 19.22 1775827470
2 21 19.30 1775827470
2 21 19.51 1775827470
2 21 19.48 1775827470
1 15 18.95 1775827470
2 21 19.53 1775827471
2 21 19.57 1775827471
2 21 19.68 1775827471
2 21 19.66 1775827471
2 21 19.57 1775827471
2 21 19.32 1775827471
2 21 19.41 1775827471
2 21 19.26 1775827471
2 21 19.08 1775827471
2 21 19.05 1775827471
1 15 18.84 1775827471
2 21 18.97 1775827472
2 21 18.79 1775827472
2 21 18.76 1775827472
2 21 18.91 1775827472
2 21 18.94 1775827472
2 21 18.79 1775827472
2 21 19.00 1775827472
2 21 18.86 1775827472
2 21 19.00 1775827472
1 15 18.60 1775827472
2 21 19.19 1775827472
2 21 19.40 1775827473
2 21 19.57 1775827473
2 21 19.60 1775827473
2 21 19.52 1775827473
2 21 19.48 1775827473
2 21 19.47 1775827473
2 21 19.48 1775827473
2 21 19.42 1775827473
3 37 19.86 1775827473
2 21 19.53 1775827473
1 15 18.60 1775827473
2 21 19.73 1775827474
2 21 19.93 1775827474
2 21 19.76 1775827474
2 21 19.83 1775827474
2 21 20.06 1775827474
2 21 20.21 1775827474
2 21 20.27 1775827474
2 21 20.05 1775827474
2 21 19.96 1775827474
1 15 18.71 1775827474
2 21 19.79 1775827474
2 21 19.72 1775827475
2 21 19.49 1775827475
2 21 19.46 1775827475
2 21 19.44 1775827475
2 21 19.26 1775827475
2 21 19.31 1775827475
2 21 19.38 1775827475
2 21 19.15 1775827475
2 21 18.97 1775827475
1 15 18.88 1775827475
2 21 18.98 1775827476
2 21 19.07 1775827476
2 21 19.18 1775827476
2 21 19.36 1775827476
2 21 19.38 1775827476
2 21 19.50 1775827476
2 21 19.25 1775827476
2 21 19.27 1775827476
2 21 19.27 1775827476
2 21 19.42 1775827476
1 15 19.02 1775827476
2 21 19.58 1775827477
2 21 19.47 1775827477
2 21 19.35 1775827477
2 21 19.59 1775827477
2 21 19.67 1775827477
2 21 19.65 1775827477
2 21 19.60 1775827477
2 21 19.73 1775827477
2 21 19.77 1775827477
1 15 19.25 1775827477
2 21 19.67 1775827477
2 21 19.60 1775827478
2 21 19.59 1775827478
2 21 19.77 1775827478
2 21 19.71 1775827478
2 21 19.89 1775827478
2 21 19.80 1775827478
2 21 19.86 1775827478
2 21 19.74 1775827478
3 37 19.82 1775827478
2 21 19.69 1775827478
1 15 19.23 1775827478
2 21 19.86 1775827479
2 21 20.02 1775827479
2 21 20.08 1775827479
2 21 19.97 1775827479
2 21 19.92 1775827479
2 21 20.11 1775827479
2 21 20.08 1775827479
2 21 19.89 1775827479
2 21 19.94 1775827479
2 21 20.16 1775827479
1 15 19.35 1775827479
2 21 20.04 1775827480
2 21 20.12 1775827480
2 21 20.27 1775827480
2 21 20.21 1775827480
2 21 20.06 1775827480
2 21 20.29 1775827480
2 21 20.10 1775827480
2 21 20.16 1775827480
2 21 20.02 1775827480
1 15 19.26 1775827480
2 21 20.14 1775827481
2 21 20.34 1775827481
2 21 20.31 1775827481
2 21 20.07 1775827481
2 21 19.85 1775827481
2 21 19.94 1775827481
2 21 20.08 1775827481
2 21 19.96 1775827481
2 21 19.85 1775827481
2 21 19.87 1775827481
1 15 19.04 1775827481
2 21 20.07 1775827482
2 21 19.88 1775827482
2 21 19.84 1775827482
2 21 19.70 1775827482
2 21 19.50 1775827482
2 21 19.47 1775827482
2 21 19.46 1775827482
2 21 19.59 1775827482
2 21 19.52 1775827482
2 21 19.40 1775827482
1 15 18.91 1775827483
2 21 19.19 1775827483
2 21 19.35 1775827483
2 21 19.43 1775827483
2 21 19.55 1775827483
2 21 19.52 1775827483
2 21 19.29 1775827483
2 21 19.16 1775827483
2 21 19.30 1775827483
3 37 19.96 1775827483
2 21 19.14 1775827483
2 21 18.95 1775827484
1 15 19.14 1775827484
2 21 18.75 1775827484
2 21 18.66 1775827484
2 21 18.65 1775827484
2 21 18.83 1775827484
2 21 18.60 1775827484
2 21 18.42 1775827484
2 21 18.44 1775827484
2 21 18.65 1775827484
2 21 18.48 1775827484
1 15 18.90 1775827485
2 21 18.37 1775827485
2 21 18.34 1775827485
2 21 18.19 1775827485
2 21 18.38 1775827485
2 21 18.51 1775827485
2 21 18.35 1775827485
2 21 18.20 1775827485
2 21 18.19 1775827485
2 21 18.02 1775827485
2 21 17.96 1775827485
1 15 18.87 1775827486
2 21 17.75 1775827486
2 21 17.68 1775827486
2 21 17.77 1775827486
2 21 17.81 1775827486
2 21 17.68 1775827486
2 21 17.66 1775827486
2 21 17.89 1775827486
2 21 18.04 1775827486
2 21 18.09 1775827486
1 15 18.85 1775827487
2 21 17.92 1775827487
2 21 18.14 1775827487
2 21 18.01 1775827487
2 21 18.18 1775827487
2 21 18.11 1775827487
2 21 18.08 1775827487
2 21 18.24 1775827487
2 21 18.02 1775827487
2 21 17.90 1775827487
2 21 17.94 1775827487
1 15 18.93 1775827488
2 21 17.73 1775827488
2 21 17.62 1775827488
2 21 17.85 1775827488
2 21 17.67 1775827488
2 21 17.56 1775827488
2 21 17.59 1775827488
2 21 17.72 1775827488
2 21 17.77 1775827488
3 37 19.78 1775827488
2 21 17.92 1775827488
2 21 17.75 1775827489
1 15 18.78 1775827489
2 21 17.96 1775827489
2 21 17.81 1775827489
2 21 17.92 1775827489
2 21 17.79 1775827489
2 21 17.84 1775827489
2 21 17.66 1775827489
2 21 17.81 1775827489
2 21 17.86 1775827489
2 21 17.89 1775827489
1 15 18.99 1775827490
2 21 18.13 1775827490
2 21 18.11 1775827490
2 21 17.94 1775827490
2 21 18.07 1775827490
2 21 17.99 1775827490
2 21 17.91 1775827490
2 21 17.93 1775827490
2 21 17.76 1775827490
2 21 17.90 1775827490
2 21 17.78 1775827490
1 15 19.21 1775827491
2 21 17.96 1775827491
2 21 18.13 1775827491
2 21 18.07 1775827491
2 21 17.95 1775827491
2 21 17.94 1775827491
2 21 17.72 1775827491
2 21 17.75 1775827491
2 21 17.76 1775827491
2 21 17.73 1775827491
2 21 17.64 1775827492
1 15 18.97 1775827492
2 21 17.88 1775827492
1 15 18.87 1775827493
3 37 19.58 1775827493
1 15 19.02 1775827494
1 15 18.96 1775827495
1 15 19.17 1775827496
1 15 19.13 1775827497
1 15 19.12 1775827498
3 37 19.53 1775827498
1 15 19.12 1775827499
1 15 19.14 1775827500
1 15 18.91 1775827501
1 15 18.83 1775827502
1 15 18.85 1775827503
3 37 19.64 1775827503
1 15 18.86 1775827504
1 15 18.76 1775827505
1 15 18.87 1775827506
1 15 18.79 1775827507
1 15 18.94 1775827508
3 37 19.50 1775827508
1 15 19.11 1775827509
1 15 19.04 1775827510
1 15 19.14 1775827511
1 15 18.97 1775827512
1 15 18.74 1775827513
3 37 19.52 1775827513
1 15 18.82 1775827514
1 15 18.96 1775827515
1 15 18.84 1775827516
1 15 18.62 1775827517
3 37 19.53 1775827518
3 37 19.48 1775827523
3 37 19.69 1775827528
3 37 19.54 1775827533
